rate.sgn.usd=0.742164
rate.usd.sgn=1.34782
